-0.01106 -0.01121 -0.01152 -0.01208 -0.01267 -0.01331 -0.01373 -0.01393 -0.01373 -0.01331 -0.01267 -0.01208 -0.01152 -0.01121 -0.01106 
-0.01121 -0.01131 -0.01172 -0.01227 -0.01301 -0.01368 -0.01424 -0.01441 -0.01424 -0.01368 -0.01301 -0.01227 -0.01172 -0.01131 -0.01121 
-0.01152 -0.01172 -0.01218 -0.01298 -0.01393 -0.01498 -0.01578 -0.01615 -0.01578 -0.01498 -0.01393 -0.01298 -0.01218 -0.01172 -0.01152 
-0.01208 -0.01227 -0.01298 -0.01407 -0.01559 -0.01728 -0.01886 -0.01956 -0.01886 -0.01728 -0.01559 -0.01407 -0.01298 -0.01227 -0.01208 
-0.01267 -0.01301 -0.01393 -0.01559 -0.01795 -0.02106 -0.02431 -0.02631 -0.02431 -0.02106 -0.01795 -0.01559 -0.01393 -0.01301 -0.01267 
-0.01331 -0.01368 -0.01498 -0.01728 -0.02106 -0.02668 -0.03440 -0.04127 -0.03440 -0.02668 -0.02106 -0.01728 -0.01498 -0.01368 -0.01331 
-0.01373 -0.01424 -0.01578 -0.01886 -0.02431 -0.03440 -0.05343 -0.08427 -0.05343 -0.03440 -0.02431 -0.01886 -0.01578 -0.01424 -0.01373 
-0.01393 -0.01441 -0.01615 -0.01956 -0.02631 -0.04127 -0.08427 -0.25084 -0.08427 -0.04127 -0.02631 -0.01956 -0.01615 -0.01441 -0.01393 
-0.01373 -0.01424 -0.01578 -0.01886 -0.02431 -0.03440 -0.05343 -0.08427 -0.05343 -0.03440 -0.02431 -0.01886 -0.01578 -0.01424 -0.01373 
-0.01331 -0.01368 -0.01498 -0.01728 -0.02106 -0.02668 -0.03440 -0.04127 -0.03440 -0.02668 -0.02106 -0.01728 -0.01498 -0.01368 -0.01331 
-0.01267 -0.01301 -0.01393 -0.01559 -0.01795 -0.02106 -0.02431 -0.02631 -0.02431 -0.02106 -0.01795 -0.01559 -0.01393 -0.01301 -0.01267 
-0.01208 -0.01227 -0.01298 -0.01407 -0.01559 -0.01728 -0.01886 -0.01956 -0.01886 -0.01728 -0.01559 -0.01407 -0.01298 -0.01227 -0.01208 
-0.01152 -0.01172 -0.01218 -0.01298 -0.01393 -0.01498 -0.01578 -0.01615 -0.01578 -0.01498 -0.01393 -0.01298 -0.01218 -0.01172 -0.01152 
-0.01121 -0.01131 -0.01172 -0.01227 -0.01301 -0.01368 -0.01424 -0.01441 -0.01424 -0.01368 -0.01301 -0.01227 -0.01172 -0.01131 -0.01121 
-0.01106 -0.01121 -0.01152 -0.01208 -0.01267 -0.01331 -0.01373 -0.01393 -0.01373 -0.01331 -0.01267 -0.01208 -0.01152 -0.01121 -0.01106 
