-0.05972 -0.06132 -0.06517 -0.06826 -0.06517 -0.06132 -0.05972 
-0.06132 -0.06361 -0.07003 -0.07671 -0.07003 -0.06361 -0.06132 
-0.06517 -0.07003 -0.08668 -0.11686 -0.08668 -0.07003 -0.06517 
-0.06826 -0.07671 -0.11686 -0.28263 -0.11686 -0.07671 -0.06826 
-0.06517 -0.07003 -0.08668 -0.11686 -0.08668 -0.07003 -0.06517 
-0.06132 -0.06361 -0.07003 -0.07671 -0.07003 -0.06361 -0.06132 
-0.05972 -0.06132 -0.06517 -0.06826 -0.06517 -0.06132 -0.05972 
